1
23 ReadPKCS8Pem.main([Ljava/lang/String;)V||Snippet34456838_0-X-source-android-X/ReadPKCS8Pem
0.0 0.0 0.0 0.0 0.0 0.0 0.0 0.0 0.0 0.0 0.0 0.0 0.0 0.0 0.0 0.0 0.0 0.0 0.0 0.0 0.0 0.0 0.0 0.0 0.0 0.0 0.0 0.0 0.0 0.0 0.0 0.0 0.0 0.0 0.0 0.0 0.0 0.0 0.0 0.0 0.0 0.0 0.0 0.0 0.0 0.0 0.0 0.0 0.0 0.0 0.0 0.0 0.0 0.0 0.0 0.0 0.0 0.0 0.0 0.0 0.0 0.0 0.0 0.0 0.0 0.0 0.0 0.0 0.0 0.0 0.0 0.0 0.0 0.0 0.0 0.0 0.0 0.0 0.0 0.0 0.0 0.0 1.0 0.0 0.0 0.0 0.0 0.0 0.0 0.0 0.0 0.0 0.0 0.0 0.0 0.0 0.0 0.0 0.0 0.0 0.0 0.0 0.0 0.0 0.0 0.0 0.0 0.0 3.0 3.0 1.0 9.0 11.0
0.7273314595222473 0.7201915383338928 0.08003909885883331 0.7401896119117737 0.058799635618925095 0.7265210151672363 0.0 0.7333803772926331 0.7277478575706482 0.7630273103713989 0.732154130935669 0.004246268887072802 0.7333508729934692 0.72585129737854 0.7259601354598999 0.0578402578830719 0.7215752005577087 0.7336751222610474 0.7370558977127075 0.019692137837409973 0.032080959528684616 0.7169846892356873 0.7343578934669495 0.7379186749458313 0.7444912791252136 0.06572514772415161 0.001456200028769672 0.09023891389369965 0.7399532198905945 0.0 0.7367847561836243 0.012922401539981365 0.7109266519546509 0.7377573847770691 0.7380477786064148 0.004258427768945694 0.7203800082206726 0.7426159977912903 0.752700924873352 0.0 0.051081620156764984 0.7191315293312073 0.0 0.06046414375305176 0.016189947724342346 0.02638499066233635 0.029994189739227295 0.7451720833778381 0.738167941570282 1.9657608936540782E-4 0.7186853885650635 0.0 0.03716659918427467 0.736530065536499 0.7078304886817932 0.7302428483963013 0.7238670587539673 0.7365259528160095 0.012317183427512646 0.7104619145393372 0.006320630200207233 0.7251893877983093 0.008465206250548363 0.06800471246242523 0.0 0.0 0.0 0.0 0.0 0.0 0.0 0.0 0.0 0.0 0.0 0.0 0.0 0.0 0.0 0.0 0.0 0.0 0.0 0.0 0.0 0.0 0.0 1.0 0.0 0.0 0.0 0.0 0.0 0.0 0.0 0.0 0.0 0.0 0.0 0.0 0.0 0.0 0.0 0.0 0.0 0.0 1.0 0.0 0.0 0.0
0.0 0.0 0.0 0.0 0.0 0.0 0.0 0.0 0.0 0.0 0.0 0.0 0.0 0.0 0.0 0.0 0.0 0.0 0.0 0.0 0.0 0.0 0.0 0.0 0.0 0.0 0.0 0.0 0.0 0.0 0.0 0.0 0.0 0.0 0.0 0.0 0.0 0.0 0.0 0.0 0.0 0.0 0.0 0.0 0.0 0.0 0.0 0.0 0.0 0.0 0.0 0.0 0.0 0.0 0.0 0.0 0.0 0.0 0.0 0.0 0.0 0.0 0.0 0.0 0.0 0.0 0.0 0.0 0.0 0.0 0.0 0.0 0.0 0.0 0.0 0.0 0.0 0.0 0.0 0.0 0.0 0.0 1.0 0.0 0.0 0.0 0.0 0.0 0.0 0.0 0.0 0.0 0.0 0.0 0.0 0.0 0.0 0.0 0.0 0.0 0.0 0.0 0.0 0.0 0.0 0.0 0.0 0.0 2.0 2.0 5.0 6.0
0.0 0.0 0.0 0.0 0.0 0.0 0.0 0.0 0.0 0.0 0.0 0.0 0.0 0.0 0.0 0.0 0.0 0.0 0.0 0.0 0.0 0.0 0.0 0.0 0.0 0.0 0.0 0.0 0.0 0.0 0.0 0.0 0.0 0.0 0.0 0.0 0.0 0.0 0.0 0.0 0.0 0.0 0.0 0.0 0.0 0.0 0.0 0.0 0.0 0.0 0.0 0.0 0.0 0.0 0.0 0.0 0.0 0.0 0.0 0.0 0.0 0.0 0.0 0.0 0.0 0.0 0.0 0.0 0.0 0.0 0.0 0.0 0.0 0.0 0.0 0.0 0.0 0.0 0.0 0.0 0.0 0.0 1.0 0.0 0.0 0.0 0.0 0.0 0.0 0.0 0.0 0.0 0.0 0.0 0.0 0.0 0.0 0.0 0.0 0.0 0.0 0.0 0.0 0.0 0.0 0.0 0.0 0.0 2.0 2.0 4.0 5.0
0.0 0.0 0.0 0.0 0.0 0.0 0.0 0.0 0.0 0.0 0.0 0.0 0.0 0.0 0.0 0.0 0.0 0.0 0.0 0.0 0.0 0.0 0.0 0.0 0.0 0.0 0.0 0.0 0.0 0.0 0.0 0.0 0.0 0.0 0.0 0.0 0.0 0.0 0.0 0.0 0.0 0.0 0.0 0.0 0.0 0.0 0.0 0.0 0.0 0.0 0.0 0.0 0.0 0.0 0.0 0.0 0.0 0.0 0.0 0.0 0.0 0.0 0.0 0.0 0.0 0.0 0.0 0.0 0.0 0.0 0.0 0.0 0.0 0.0 0.0 0.0 0.0 0.0 0.0 0.0 0.0 0.0 0.0 0.0 0.0 0.0 0.0 1.0 0.0 0.0 0.0 0.0 0.0 0.0 0.0 0.0 0.0 0.0 0.0 0.0 0.0 0.0 0.0 0.0 1.0 0.0 2.0 0.0 0.0 0.0
0.0 0.0 0.849605143070221 0.7737182378768921 0.0 0.0 0.7605446577072144 0.0 0.798082172870636 0.0 0.8092098832130432 0.833280086517334 0.0 0.0 0.0 0.0 0.0 0.0 0.0 0.0 0.0 0.7990095615386963 0.7574356198310852 0.0 0.0 0.7208700776100159 0.0 2.3549793695565313E-4 0.7484825253486633 0.0 0.0 0.0 0.0 0.0 0.0 0.0 0.0 0.0 0.0 0.0 0.7845171093940735 0.0 0.0 0.0 0.0 0.7810757160186768 0.8368266820907593 0.8425064086914062 0.0 0.7794758081436157 0.7700822353363037 0.0 0.0 0.0 0.0 0.0 0.7555053234100342 0.07141982018947601 0.0 0.0 0.0 0.0 0.0 0.0 0.0 0.0 0.0 0.0 0.0 0.0 0.0 0.0 0.0 0.0 0.0 0.0 0.0 0.0 0.0 0.0 0.0 0.0 0.0 0.0 0.0 0.0 0.0 1.0 0.0 0.0 0.0 0.0 0.0 0.0 0.0 0.0 0.0 0.0 0.0 0.0 0.0 0.0 0.0 0.0 0.0 0.0 2.0 0.0 0.0 0.0
5.325674283085391E-5 0.0 0.8487668633460999 0.7729297280311584 0.0 0.0 0.7666585445404053 0.0 0.7920993566513062 0.0 0.8031388521194458 0.8296085596084595 0.0 0.0 0.0 0.0 1.600384566700086E-4 0.0 3.8695326657034457E-4 0.0 0.0 0.8043362498283386 0.7606484889984131 0.0 1.809596869861707E-4 0.7201294898986816 4.452466237125918E-5 2.9754635761491954E-4 0.7479310035705566 0.0 1.9967553089372814E-4 0.0 0.0 0.0 0.0 0.0 0.0 0.0 6.234645115910098E-5 0.0 0.7862004041671753 9.080766903935E-5 0.0 0.0 0.0 0.7815923094749451 0.8352760076522827 0.844073474407196 0.0 0.7876392006874084 0.7765206694602966 0.0 2.393126196693629E-4 0.0 0.0 0.0 0.7549019455909729 0.07269956171512604 0.0 0.0 0.0 0.0 1.5437602996826172E-5 0.0 0.0 0.0 0.0 0.0 0.0 0.0 0.0 0.0 0.0 0.0 0.0 0.0 0.0 0.0 0.0 0.0 0.0 0.0 0.0 0.0 0.0 0.0 0.0 0.0 0.0 0.0 0.0 0.0 0.0 0.0 0.0 0.0 0.0 0.0 0.0 0.0 0.0 1.0 0.0 0.0 0.0 0.0 1.0 0.0 0.0 0.0
0.0 0.0 0.0 0.0 0.0 0.0 0.0 0.0 0.0 0.0 0.0 0.0 0.0 0.0 0.0 0.0 0.0 0.0 0.0 0.0 0.0 0.0 0.0 0.0 0.0 0.0 0.0 0.0 0.0 0.0 0.0 0.0 0.0 0.0 0.0 0.0 0.0 0.0 0.0 0.0 0.0 0.0 0.0 0.0 0.0 0.0 0.0 0.0 0.0 0.0 0.0 0.0 0.0 0.0 0.0 0.0 0.0 0.0 0.0 0.0 0.0 0.0 0.0 0.0 0.0 0.0 0.0 0.0 0.0 0.0 0.0 0.0 1.0 0.0 0.0 0.0 0.0 0.0 0.0 0.0 0.0 0.0 0.0 0.0 0.0 0.0 0.0 0.0 0.0 0.0 0.0 0.0 0.0 0.0 0.0 0.0 0.0 0.0 0.0 0.0 0.0 0.0 0.0 0.0 0.0 0.0 0.0 0.0 1.0 1.0 8.0
0.0 0.0 0.0 0.0 0.0 0.0 0.0 0.0 0.0 0.0 0.0 0.0 0.0 0.0 0.0 0.0 0.0 0.0 0.0 0.0 0.0 0.0 0.0 0.0 0.0 0.0 0.0 0.0 0.0 0.0 0.0 0.0 0.0 0.0 0.0 0.0 0.0 0.0 0.0 0.0 0.0 0.0 0.0 0.0 0.0 0.0 0.0 0.0 0.0 0.0 0.0 0.0 0.0 0.0 0.0 0.0 0.0 0.0 0.0 0.0 0.0 0.0 0.0 0.0 0.0 0.0 0.0 0.0 0.0 0.0 0.0 0.0 0.0 0.0 0.0 0.0 0.0 0.0 0.0 0.0 0.0 0.0 0.0 0.0 0.0 0.0 0.0 0.0 0.0 0.0 0.0 0.0 0.0 0.0 0.0 0.0 0.0 1.0 0.0 0.0 0.0 0.0 0.0 0.0 0.0 1.0 0.0 0.0 0.0 0.0
0.731227457523346 0.7240078449249268 0.07735110819339752 0.7406487464904785 0.05750829726457596 0.7156494855880737 0.0 0.7304322123527527 0.7326139807701111 0.7629759907722473 0.7301534414291382 3.611444844864309E-4 0.7293661832809448 0.7188670635223389 0.7337646484375 0.062212299555540085 0.7196530103683472 0.7380701303482056 0.733413577079773 0.014000960625708103 0.02205297164618969 0.7099913358688354 0.7327529788017273 0.7372599244117737 0.7533796429634094 0.07438359409570694 0.0 0.08807632327079773 0.7375860810279846 0.0 0.7293582558631897 0.006969218607991934 0.7036759257316589 0.7233333587646484 0.7318107485771179 0.0 0.7158571481704712 0.7396641373634338 0.7538876533508301 0.0 0.038526613265275955 0.7129005193710327 2.8860566089861095E-4 0.054295849055051804 0.015556985512375832 0.02448313683271408 0.027116738259792328 0.732351541519165 0.7278822660446167 0.00892108678817749 0.7118840217590332 0.0 0.03620358556509018 0.7333358526229858 0.7111081480979919 0.741303563117981 0.7030676603317261 0.7315584421157837 0.013179849833250046 0.7109836339950562 0.007885470055043697 0.7179402112960815 0.003419326152652502 0.07011550664901733 0.0 0.0 0.0 0.0 0.0 0.0 0.0 0.0 0.0 0.0 0.0 0.0 0.0 0.0 0.0 0.0 0.0 0.0 0.0 0.0 0.0 0.0 0.0 0.0 0.0 0.0 0.0 0.0 0.0 0.0 0.0 0.0 0.0 0.0 0.0 0.0 0.0 1.0 0.0 0.0 0.0 0.0 2.0 0.0 0.0 0.0
0.0 0.0 0.0 0.0 0.0 0.0 0.0 0.0 0.0 0.0 0.0 0.0 0.0 0.0 0.0 0.0 0.0 0.0 0.0 0.0 0.0 0.0 0.0 0.0 0.0 0.0 0.0 0.0 0.0 0.0 0.0 0.0 0.0 0.0 0.0 0.0 0.0 0.0 0.0 0.0 0.0 0.0 0.0 0.0 0.0 0.0 0.0 0.0 0.0 0.0 0.0 0.0 0.0 0.0 0.0 0.0 0.0 0.0 0.0 0.0 0.0 0.0 0.0 0.0 0.0 0.0 0.0 0.0 0.0 0.0 0.0 0.0 0.0 0.0 0.0 0.0 0.0 0.0 0.0 0.0 0.0 0.0 0.0 0.0 0.0 0.0 0.0 0.0 0.0 0.0 0.0 0.0 0.0 0.0 0.0 0.0 1.0 0.0 0.0 0.0 0.0 0.0 0.0 0.0 0.0 0.0 0.0 0.0 0.0 0.0
0.7251079678535461 0.7290517091751099 0.08327222615480423 0.7410820722579956 0.056702934205532074 0.7292683124542236 0.0 0.7271451354026794 0.7203794121742249 0.7632907032966614 0.7267268896102905 0.010028889402747154 0.7269335985183716 0.7162542939186096 0.7129144668579102 0.061379238963127136 0.7164987921714783 0.7403780817985535 0.7350919246673584 0.017173001542687416 0.030646435916423798 0.7036852240562439 0.7366678714752197 0.7393078207969666 0.7427811026573181 0.06751839816570282 0.0 0.09242476522922516 0.729562520980835 0.0 0.7272078394889832 0.012171680107712746 0.700293779373169 0.7261339426040649 0.7317978739738464 0.0 0.7224534749984741 0.7398707270622253 0.7461394667625427 0.0 0.049356430768966675 0.726839005947113 0.0 0.05686420947313309 0.0158998966217041 0.014486073516309261 0.02802579291164875 0.7436928749084473 0.741478681564331 0.006615243852138519 0.7108716368675232 0.0 0.04647667706012726 0.7326877117156982 0.7143906950950623 0.7421718835830688 0.7100289463996887 0.7271684408187866 0.004122709855437279 0.711426317691803 0.0061614322476089 0.7193706631660461 0.0 0.05862155556678772 0.0 0.0 0.0 0.0 0.0 0.0 0.0 0.0 0.0 0.0 0.0 0.0 0.0 0.0 0.0 0.0 0.0 0.0 0.0 0.0 0.0 0.0 0.0 0.0 0.0 0.0 0.0 0.0 0.0 0.0 0.0 0.0 0.0 0.0 0.0 0.0 0.0 1.0 0.0 0.0 0.0 0.0 1.0 0.0 0.0 0.0
0.0 0.0 0.0 0.7696642279624939 0.0 0.7910961508750916 0.7995416522026062 0.8216425776481628 0.6838873028755188 0.8062869310379028 0.7627833485603333 0.0 0.7860736846923828 0.8008097410202026 0.7922511696815491 0.7883583307266235 0.3937770426273346 0.7816484570503235 0.8074128031730652 0.03143275901675224 0.8054472804069519 0.7804920673370361 0.7749401330947876 0.8217512965202332 0.7682169079780579 0.752978503704071 0.7839178442955017 0.7926486730575562 0.0 0.7636363506317139 0.7742230296134949 0.7935854196548462 0.0 0.7782461643218994 0.8018543124198914 0.7462151050567627 0.8151135444641113 0.7506865859031677 0.0 0.7829488515853882 5.495547884493135E-5 0.7784298658370972 0.760574221611023 0.8026557564735413 0.7543841004371643 0.7609908580780029 0.7310757040977478 0.7376334071159363 0.7999945282936096 0.7652385830879211 0.7919178009033203 0.7417474389076233 0.7802112698554993 0.16981260478496552 0.7476445436477661 0.7635530829429626 0.0 0.7851226925849915 0.7833501100540161 0.787693202495575 0.5043435096740723 0.8175491094589233 0.8008419871330261 0.7986816167831421 0.0 0.0 0.0 0.0 0.0 0.0 0.0 0.0 0.0 0.0 0.0 0.0 0.0 0.0 0.0 0.0 0.0 0.0 0.0 0.0 0.0 0.0 0.0 0.0 0.0 0.0 0.0 0.0 0.0 0.0 0.0 0.0 0.0 0.0 0.0 0.0 0.0 1.0 0.0 0.0 2.0 0.0 3.0 0.0 0.0 0.0
0.0 0.0 0.0 0.7696642279624939 0.0 0.7910961508750916 0.7995416522026062 0.8216425776481628 0.6838873028755188 0.8062869310379028 0.7627833485603333 0.0 0.7860736846923828 0.8008097410202026 0.7922511696815491 0.7883583307266235 0.3937770426273346 0.7816484570503235 0.8074128031730652 0.03143275901675224 0.8054472804069519 0.7804920673370361 0.7749401330947876 0.8217512965202332 0.7682169079780579 0.752978503704071 0.7839178442955017 0.7926486730575562 0.0 0.7636363506317139 0.7742230296134949 0.7935854196548462 0.0 0.7782461643218994 0.8018543124198914 0.7462151050567627 0.8151135444641113 0.7506865859031677 0.0 0.7829488515853882 5.495547884493135E-5 0.7784298658370972 0.760574221611023 0.8026557564735413 0.7543841004371643 0.7609908580780029 0.7310757040977478 0.7376334071159363 0.7999945282936096 0.7652385830879211 0.7919178009033203 0.7417474389076233 0.7802112698554993 0.16981260478496552 0.7476445436477661 0.7635530829429626 0.0 0.7851226925849915 0.7833501100540161 0.787693202495575 0.5043435096740723 0.8175491094589233 0.8008419871330261 0.7986816167831421 0.0 0.0 0.0 0.0 0.0 0.0 0.0 0.0 0.0 0.0 0.0 0.0 0.0 0.0 0.0 0.0 0.0 0.0 0.0 0.0 0.0 0.0 0.0 0.0 0.0 0.0 0.0 0.0 0.0 0.0 0.0 0.0 0.0 0.0 0.0 0.0 0.0 1.0 0.0 0.0 2.0 0.0 3.0 0.0 0.0 0.0
0.0 0.0 0.0 0.0 0.0 0.0 0.0 0.0 0.0 0.0 0.0 0.0 0.0 0.0 0.0 0.0 0.0 0.0 0.0 0.0 0.0 0.0 0.0 0.0 0.0 0.0 0.0 0.0 0.0 0.0 0.0 0.0 0.0 0.0 0.0 0.0 0.0 0.0 0.0 0.0 0.0 0.0 0.0 0.0 0.0 0.0 0.0 0.0 0.0 0.0 0.0 0.0 0.0 0.0 0.0 0.0 0.0 0.0 0.0 0.0 0.0 0.0 0.0 0.0 0.0 0.0 0.0 0.0 0.0 0.0 0.0 0.0 0.0 0.0 0.0 0.0 0.0 0.0 0.0 0.0 0.0 0.0 0.0 0.0 0.0 0.0 0.0 0.0 0.0 0.0 0.0 0.0 0.0 0.0 0.0 0.0 0.0 0.0 0.0 0.0 0.0 1.0 0.0 0.0 2.0 0.0 3.0 0.0 0.0 0.0
0.0 0.0 0.0 0.0 0.0 0.0 0.0 0.0 0.0 0.0 0.0 0.0 0.0 0.0 0.0 0.0 0.0 0.0 0.0 0.0 0.0 0.0 0.0 0.0 0.0 0.0 0.0 0.0 0.0 0.0 0.0 0.0 0.0 0.0 0.0 0.0 0.0 0.0 0.0 0.0 0.0 0.0 0.0 0.0 0.0 0.0 0.0 0.0 0.0 0.0 0.0 0.0 0.0 0.0 0.0 0.0 0.0 0.0 0.0 0.0 0.0 0.0 0.0 0.0 0.0 0.0 0.0 0.0 0.0 0.0 0.0 0.0 0.0 0.0 0.0 0.0 1.0 0.0 0.0 0.0 0.0 0.0 0.0 0.0 0.0 0.0 0.0 0.0 0.0 0.0 0.0 0.0 0.0 0.0 0.0 0.0 0.0 0.0 0.0 0.0 0.0 0.0 0.0 0.0 0.0 0.0 0.0 0.0 1.0 1.0 16.0
0.0 0.0 0.0 0.0 0.0 0.0 0.0 0.0 0.0 0.0 0.0 0.0 0.0 0.0 0.0 0.0 0.0 0.0 0.0 0.0 0.0 0.0 0.0 0.0 0.0 0.0 0.0 0.0 0.0 0.0 0.0 0.0 0.0 0.0 0.0 0.0 0.0 0.0 0.0 0.0 0.0 0.0 0.0 0.0 0.0 0.0 0.0 0.0 0.0 0.0 0.0 0.0 0.0 0.0 0.0 0.0 0.0 0.0 0.0 0.0 0.0 0.0 0.0 0.0 0.0 0.0 0.0 0.0 0.0 0.0 0.0 0.0 0.0 0.0 0.0 0.0 0.0 0.0 0.0 0.0 0.0 0.0 0.0 0.0 0.0 0.0 0.0 0.0 0.0 0.0 0.0 0.0 0.0 0.0 0.0 0.0 0.0 0.0 0.0 0.0 1.0 0.0 0.0 0.0 0.0 0.0 2.0 0.0 0.0 0.0
0.0 0.0 0.0 0.0 0.0 0.0 0.0 0.0 0.0 0.0 0.0 0.0 0.0 0.0 0.0 0.0 0.0 0.0 0.0 0.0 0.0 0.0 0.0 0.0 0.0 0.0 0.0 0.0 0.0 0.0 0.0 0.0 0.0 0.0 0.0 0.0 0.0 0.0 0.0 0.0 0.0 0.0 0.0 0.0 0.0 0.0 0.0 0.0 0.0 0.0 0.0 0.0 0.0 0.0 0.0 0.0 0.0 0.0 0.0 0.0 0.0 0.0 0.0 0.0 0.0 0.0 0.0 0.0 0.0 0.0 0.0 0.0 0.0 0.0 0.0 0.0 0.0 0.0 0.0 0.0 0.0 0.0 1.0 0.0 0.0 0.0 0.0 0.0 0.0 0.0 0.0 0.0 0.0 0.0 0.0 0.0 0.0 0.0 0.0 0.0 0.0 0.0 0.0 0.0 0.0 0.0 0.0 0.0 2.0 2.0 18.0 20.0
0.0 0.7047478556632996 0.0 0.0 0.0 0.0 0.0 0.6880465745925903 0.0 0.0 0.6295254826545715 0.0 0.736775279045105 0.6933718323707581 0.0 0.7356769442558289 0.0 0.0 0.7014342546463013 0.7958494424819946 0.0 0.7990912795066833 0.0 0.0 0.0 0.0 0.8048715591430664 0.7491215467453003 0.0 0.0 0.6071414947509766 0.0 0.7280157804489136 0.0 0.0 0.0 0.602284848690033 0.0 0.0 0.6216201186180115 0.681445300579071 0.7342920899391174 0.0 0.0 0.0 0.0 0.8080071210861206 0.0 0.0 0.7125347256660461 0.0 0.0 0.6605912446975708 0.0 0.5952853560447693 0.0 0.6585527062416077 0.6833905577659607 0.0 0.6900729537010193 0.0 0.5124356150627136 0.539095401763916 0.0 0.0 0.0 0.0 0.0 0.0 0.0 0.0 0.0 0.0 0.0 0.0 0.0 0.0 0.0 0.0 0.0 0.0 0.0 0.0 0.0 0.0 0.0 0.0 1.0 0.0 0.0 0.0 0.0 0.0 0.0 0.0 0.0 0.0 0.0 0.0 0.0 0.0 0.0 0.0 0.0 0.0 0.0 2.0 0.0 0.0 0.0
0.7157850861549377 0.0 0.0 0.7340598702430725 0.7493988871574402 0.0 0.7145737409591675 0.06290347129106522 0.6944155693054199 0.7491596937179565 0.0 0.7697229981422424 0.7388731241226196 0.7265185713768005 0.0 0.0 0.0 0.0 0.7405217885971069 0.7290996313095093 0.0 0.7191885709762573 0.766808271408081 0.7300513982772827 0.7273997664451599 0.7541370987892151 0.739226222038269 0.7138139009475708 0.7449977397918701 0.758554220199585 0.7220268249511719 0.7543956637382507 0.7278607487678528 0.7026423811912537 0.7381795048713684 0.7536489367485046 0.7165255546569824 0.0 0.7188109159469604 0.7534855008125305 0.07114136964082718 0.7179852724075317 0.0 0.725465714931488 0.7373856902122498 0.12191052734851837 0.7657608985900879 0.7609313726425171 0.7423871755599976 0.7185181379318237 0.7261731624603271 0.029823780059814453 0.0 0.7307600378990173 0.0 0.7215935587882996 0.6991667747497559 0.7047653794288635 0.0 0.7201515436172485 0.773155927658081 0.0 0.7518576383590698 0.7446309328079224 0.8024284243583679 2.4288890926982276E-5 0.0 0.0 0.0 0.0 0.0 0.0 0.0 0.0 0.0 0.0 0.0 0.0 0.0 0.0 0.0 0.0 0.0 0.0 0.0 0.0 0.0 0.0 0.0 0.0 0.0 0.0 0.0 0.0 0.0 0.0 0.0 0.0 0.0 0.0 1.0 0.0 0.0 0.0 1.0 0.0 1.0 0.0 0.0 0.0
0.7236363887786865 0.0 0.0 0.7329286932945251 0.7395915389060974 0.0 0.7131362557411194 0.06325765699148178 0.7070070505142212 0.7454114556312561 0.0 0.7636319994926453 0.7295026779174805 0.7179508805274963 0.0 0.0 0.0 0.0 0.7430149912834167 0.7303342223167419 0.0 0.7057331204414368 0.7660549283027649 0.7328858971595764 0.7169355154037476 0.7557041049003601 0.7316275835037231 0.723158061504364 0.7419473528862 0.76252281665802 0.7211941480636597 0.7474948167800903 0.7124828696250916 0.7147358655929565 0.7342827916145325 0.7455047965049744 0.727412760257721 0.0 0.7244623303413391 0.7472495436668396 0.0718444362282753 0.7348521947860718 0.0 0.7151390910148621 0.7423190474510193 0.12650303542613983 0.7645522356033325 0.7634089589118958 0.7435726523399353 0.7180599570274353 0.726794958114624 0.023082710802555084 0.0 0.7249712944030762 0.0 0.7084817886352539 0.7001790404319763 0.7035344839096069 0.0 0.7223318815231323 0.7721932530403137 0.0 0.756073534488678 0.7446219325065613 0.0 0.0 0.0 0.0 0.0 0.0 0.0 0.0 0.0 0.0 0.0 0.0 0.0 0.0 0.0 0.0 0.0 0.0 0.0 0.0 0.0 0.0 0.0 0.0 0.0 0.0 0.0 0.0 0.0 0.0 0.0 0.0 0.0 0.0 0.0 0.0 0.0 1.0 0.0 0.0 0.0 0.0 2.0 0.0 0.0 0.0
0.0 0.0 0.0 0.0 0.0 0.0 0.0 0.0 0.0 0.0 0.0 0.0 0.0 0.0 0.0 0.0 0.0 0.0 0.0 0.0 0.0 0.0 0.0 0.0 0.0 0.0 0.0 0.0 0.0 0.0 0.0 0.0 0.0 0.0 0.0 0.0 0.0 0.0 0.0 0.0 0.0 0.0 0.0 0.0 0.0 0.0 0.0 0.0 0.0 0.0 0.0 0.0 0.0 0.0 0.0 0.0 0.0 0.0 0.0 0.0 0.0 0.0 0.0 0.0 0.0 0.0 0.0 0.0 0.0 0.0 0.0 0.0 0.0 0.0 0.0 0.0 1.0 0.0 0.0 0.0 0.0 0.0 0.0 0.0 0.0 0.0 0.0 0.0 0.0 0.0 0.0 0.0 0.0 0.0 0.0 0.0 0.0 0.0 0.0 0.0 0.0 0.0 0.0 0.0 0.0 0.0 0.0 0.0 1.0 1.0 22.0
0.7184695601463318 0.7287143468856812 0.7357037663459778 0.03335489705204964 0.7499150633811951 0.019319482147693634 0.017074860632419586 0.044517070055007935 0.7224755883216858 5.102157228975557E-5 0.02442312240600586 0.026698468253016472 0.7358723282814026 0.748475193977356 0.7242186665534973 0.0254178699105978 0.04613189026713371 0.0 0.7142897844314575 0.021233582869172096 0.7431394457817078 0.7328217029571533 0.0 0.0 0.7222458124160767 0.736203134059906 0.7258231043815613 0.07880211621522903 0.7305623888969421 0.7454423308372498 0.731876790523529 0.01705865189433098 0.7375561594963074 0.7301227450370789 0.7314268946647644 0.7203206419944763 0.7343788146972656 0.7586818933486938 0.724376380443573 0.5871003866195679 0.031638339161872864 0.7233178019523621 0.7550392746925354 0.0 0.005012112203985453 0.7420417070388794 0.7455424666404724 0.018009502440690994 0.7251754403114319 0.7302426695823669 0.0 0.731167733669281 0.09453004598617554 0.7335092425346375 0.7226854562759399 0.699145495891571 0.7144082188606262 0.005334564484655857 0.7071712613105774 0.7277956604957581 0.020269326865673065 0.014650397002696991 0.030354024842381477 0.731641411781311 0.0 0.0 0.0 0.0 0.0 0.0 0.0 0.0 0.0 0.0 0.0 0.0 0.0 0.0 0.0 0.0 0.0 0.0 0.0 0.0 0.0 0.0 0.0 0.0 0.0 0.0 0.0 0.0 0.0 0.0 0.0 0.0 0.0 0.0 0.0 0.0 0.0 1.0 0.0 0.0 0.0 0.0 2.0 0.0 0.0 0.0

