1
23 SSLUtils.getKeyStore(Landroid/content/Context;)Ljava/security/KeyStore;||Snippet30704180_1-X-source-android-X/SSLUtils
0.0 0.0 0.0 0.0 0.0 0.0 0.0 0.0 0.0 0.0 0.0 0.0 0.0 0.0 0.0 0.0 0.0 0.0 0.0 0.0 0.0 0.0 0.0 0.0 0.0 0.0 0.0 0.0 0.0 0.0 0.0 0.0 0.0 0.0 0.0 0.0 0.0 0.0 0.0 0.0 0.0 0.0 0.0 0.0 0.0 0.0 0.0 0.0 0.0 0.0 0.0 0.0 0.0 0.0 0.0 0.0 0.0 0.0 0.0 0.0 0.0 0.0 0.0 0.0 0.0 0.0 0.0 0.0 0.0 0.0 0.0 0.0 0.0 0.0 0.0 0.0 0.0 0.0 0.0 0.0 0.0 0.0 0.0 0.0 0.0 0.0 0.0 0.0 0.0 0.0 0.0 0.0 0.0 0.0 0.0 0.0 0.0 0.0 0.0 0.0 0.0 1.0 0.0 0.0 0.0 0.0 1.0 0.0 0.0 0.0
0.7668641805648804 0.7353383302688599 0.0 0.7047268748283386 0.7231817245483398 5.0812952395062894E-5 0.7350001931190491 0.717634379863739 0.731144905090332 0.7056755423545837 0.0 0.08886300772428513 0.7384141087532043 0.0 0.720111608505249 0.05194760486483574 0.7233124375343323 0.7103345990180969 0.7230115532875061 0.0 0.7127283811569214 0.0 0.709993302822113 0.7507957220077515 0.0 0.7348136305809021 3.0010935734026134E-4 0.7129631042480469 0.7462437748908997 0.7381322979927063 0.721767783164978 0.015612553805112839 0.7082177400588989 0.7567894458770752 0.014308606274425983 0.7488914132118225 0.02926800586283207 0.7317274808883667 0.7410098314285278 0.004729831591248512 0.019928855821490288 0.7309892177581787 0.7320951223373413 0.00849324930459261 0.7385997772216797 0.0 0.7225164771080017 0.7116843461990356 0.752765417098999 1.5538929437752813E-4 0.0 0.7304208278656006 0.7336474657058716 0.7116453051567078 0.730587899684906 0.0756804496049881 0.7255421280860901 0.7303430438041687 0.01818980649113655 0.7229053378105164 0.7302805781364441 0.0 0.7167492508888245 0.11734326183795929 0.0 0.0 0.0 0.0 0.0 0.0 0.0 0.0 0.0 0.0 0.0 0.0 0.0 0.0 0.0 0.0 0.0 0.0 0.0 0.0 0.0 0.0 0.0 0.0 0.0 0.0 0.0 0.0 0.0 0.0 0.0 0.0 0.0 0.0 0.0 0.0 1.0 0.0 0.0 0.0 1.0 0.0 1.0 0.0 0.0 0.0
0.0 0.0 0.0 0.0 0.0 0.0 0.0 0.0 0.0 0.0 0.0 0.0 0.0 0.0 0.0 0.0 0.0 0.0 0.0 0.0 0.0 0.0 0.0 0.0 0.0 0.0 0.0 0.0 0.0 0.0 0.0 0.0 0.0 0.0 0.0 0.0 0.0 0.0 0.0 0.0 0.0 0.0 0.0 0.0 0.0 0.0 0.0 0.0 0.0 0.0 0.0 0.0 0.0 0.0 0.0 0.0 0.0 0.0 0.0 0.0 0.0 0.0 0.0 0.0 0.0 0.0 0.0 0.0 0.0 0.0 0.0 0.0 0.0 0.0 0.0 0.0 0.0 0.0 0.0 0.0 0.0 0.0 0.0 0.0 0.0 0.0 0.0 0.0 0.0 0.0 0.0 0.0 0.0 0.0 0.0 0.0 0.0 0.0 0.0 0.0 0.0 1.0 0.0 0.0 1.0 0.0 2.0 0.0 0.0 0.0
0.7624143958091736 0.732437789440155 0.0 0.7098260521888733 0.7149534225463867 0.0 0.7359464764595032 0.7251299023628235 0.7317241430282593 0.7059632539749146 0.0 0.09606514871120453 0.7321639060974121 0.0 0.717523992061615 0.057011786848306656 0.7273509502410889 0.7100926637649536 0.720740020275116 0.0 0.7274378538131714 0.0 0.6978874206542969 0.746757447719574 0.0 0.7335202693939209 0.0 0.717883288860321 0.7392346262931824 0.7316542863845825 0.7126192450523376 0.02139938622713089 0.7124969959259033 0.7444595098495483 0.0 0.7362605929374695 0.03876982629299164 0.7258309125900269 0.7311204671859741 0.0013196459040045738 0.010176128707826138 0.7214124798774719 0.7283132672309875 0.027025341987609863 0.7533735632896423 0.0 0.7220258712768555 0.7170292139053345 0.7476952075958252 0.0 0.0 0.7333983778953552 0.734919011592865 0.7216992974281311 0.7280728220939636 0.0943530946969986 0.7267866134643555 0.7272148728370667 3.0440089176408947E-4 0.729720950126648 0.7256446480751038 0.0 0.7041103839874268 0.12992620468139648 0.0 0.0 0.0 0.0 0.0 0.0 0.0 0.0 0.0 0.0 0.0 0.0 0.0 0.0 0.0 0.0 0.0 0.0 0.0 0.0 0.0 0.0 0.0 0.0 0.0 0.0 0.0 0.0 0.0 0.0 0.0 0.0 0.0 0.0 0.0 0.0 0.0 1.0 0.0 0.0 0.0 0.0 2.0 0.0 0.0 0.0
0.0 0.0 0.0 0.0 0.0 0.0 0.0 0.0 0.0 0.0 0.0 0.0 0.0 0.0 0.0 0.0 0.0 0.0 0.0 0.0 0.0 0.0 0.0 0.0 0.0 0.0 0.0 0.0 0.0 0.0 0.0 0.0 0.0 0.0 0.0 0.0 0.0 0.0 0.0 0.0 0.0 0.0 0.0 0.0 0.0 0.0 0.0 0.0 0.0 0.0 0.0 0.0 0.0 0.0 0.0 0.0 0.0 0.0 0.0 0.0 0.0 0.0 0.0 0.0 0.0 0.0 0.0 0.0 0.0 0.0 0.0 0.0 0.0 0.0 0.0 0.0 1.0 0.0 0.0 0.0 0.0 0.0 0.0 0.0 0.0 0.0 0.0 0.0 0.0 0.0 0.0 0.0 0.0 0.0 0.0 0.0 0.0 0.0 0.0 0.0 0.0 0.0 0.0 0.0 0.0 0.0 0.0 0.0 1.0 1.0 10.0
0.0 0.0 0.0 0.0 0.0 0.0 0.0 0.0 0.0 0.0 0.0 0.0 0.0 0.0 0.0 0.0 0.0 0.0 0.0 0.0 0.0 0.0 0.0 0.0 0.0 0.0 0.0 0.0 0.0 0.0 0.0 0.0 0.0 0.0 0.0 0.0 0.0 0.0 0.0 0.0 0.0 0.0 0.0 0.0 0.0 0.0 0.0 0.0 0.0 0.0 0.0 0.0 0.0 0.0 0.0 0.0 0.0 0.0 0.0 0.0 0.0 0.0 0.0 0.0 0.0 0.0 0.0 0.0 0.0 0.0 0.0 0.0 0.0 1.0 0.0 0.0 0.0 0.0 0.0 0.0 0.0 0.0 0.0 0.0 0.0 0.0 0.0 0.0 0.0 0.0 0.0 0.0 0.0 0.0 0.0 0.0 0.0 0.0 0.0 0.0 0.0 0.0 0.0 0.0 0.0 0.0 0.0 0.0 0.0 0.0
0.0 0.0 0.0 0.0 0.0 0.0 0.0 0.0 0.0 0.0 0.0 0.0 0.0 0.0 0.0 0.0 0.0 0.0 0.0 0.0 0.0 0.0 0.0 0.0 0.0 0.0 0.0 0.0 0.0 0.0 0.0 0.0 0.0 0.0 0.0 0.0 0.0 0.0 0.0 0.0 0.0 0.0 0.0 0.0 0.0 0.0 0.0 0.0 0.0 0.0 0.0 0.0 0.0 0.0 0.0 0.0 0.0 0.0 0.0 0.0 0.0 0.0 0.0 0.0 0.0 0.0 0.0 0.0 0.0 0.0 0.0 0.0 0.0 0.0 0.0 0.0 0.0 0.0 0.0 0.0 0.0 0.0 0.0 0.0 0.0 0.0 0.0 0.0 0.0 0.0 0.0 0.0 0.0 0.0 0.0 0.0 1.0 0.0 0.0 0.0 0.0 0.0 0.0 0.0 0.0 0.0 0.0 0.0 0.0 0.0
0.00849590077996254 0.0 0.7390142679214478 0.0 0.0 0.7298817038536072 0.0 0.02842247113585472 0.7381060719490051 0.0 0.7284968495368958 0.7374206781387329 0.0 0.7297121286392212 0.7328774333000183 0.7441499829292297 0.05570601671934128 0.0 0.013797478750348091 0.7385995984077454 0.7470570802688599 0.007853882387280464 0.0 0.744898796081543 0.0 0.7419025897979736 0.018572010099887848 0.0 0.6740433573722839 0.008481357246637344 0.7342913746833801 0.740593433380127 0.0 0.01685367338359356 0.7463085651397705 0.0 0.027080409228801727 0.7412828803062439 0.7305130958557129 0.04155776649713516 0.756274402141571 0.7277336120605469 0.7582018375396729 0.734014630317688 0.0 0.7296099066734314 0.7406340837478638 0.013561131432652473 0.7391015291213989 0.04880787059664726 0.7252715229988098 0.0 0.0 0.010940293781459332 0.7609378099441528 0.7327954769134521 0.7396951913833618 0.0 0.02069338597357273 0.0 0.016509223729372025 0.7450670599937439 0.7540906667709351 0.7294312715530396 0.0 0.0 0.0 0.0 0.0 0.0 0.0 0.0 0.0 0.0 0.0 0.0 0.0 0.0 0.0 0.0 0.0 0.0 0.0 0.0 0.0 0.0 0.0 0.0 0.0 0.0 0.0 0.0 0.0 0.0 0.0 0.0 0.0 0.0 0.0 0.0 0.0 1.0 0.0 0.0 0.0 0.0 1.0 0.0 0.0 0.0
0.0 0.0 0.0 0.0 0.0 0.0 0.0 0.0 0.0 0.0 0.0 0.0 0.0 0.0 0.0 0.0 0.0 0.0 0.0 0.0 0.0 0.0 0.0 0.0 0.0 0.0 0.0 0.0 0.0 0.0 0.0 0.0 0.0 0.0 0.0 0.0 0.0 0.0 0.0 0.0 0.0 0.0 0.0 0.0 0.0 0.0 0.0 0.0 0.0 0.0 0.0 0.0 0.0 0.0 0.0 0.0 0.0 0.0 0.0 0.0 0.0 0.0 0.0 0.0 0.0 0.0 0.0 0.0 0.0 0.0 0.0 0.0 0.0 0.0 0.0 0.0 0.0 0.0 0.0 0.0 0.0 0.0 0.0 0.0 0.0 1.0 0.0 0.0 0.0 0.0 0.0 0.0 0.0 0.0 0.0 0.0 0.0 0.0 0.0 0.0 0.0 0.0 0.0 0.0 0.0 0.0 0.0 0.0 0.0 0.0
0.7560248970985413 0.7604906558990479 0.7901877164840698 0.0 0.8134989738464355 0.056741226464509964 0.7800158858299255 0.8028474450111389 0.7898547053337097 0.0 0.8123502731323242 0.7566936016082764 0.80677330493927 0.7586053609848022 0.7912750840187073 0.7531754374504089 0.7666011452674866 0.7769426107406616 0.7792665362358093 0.7737995982170105 0.7605580687522888 0.7903652787208557 0.7716880440711975 0.7632559537887573 0.7621355652809143 0.7891483306884766 0.7850825190544128 0.0 0.7764269113540649 0.7485047578811646 0.0 0.7811492681503296 0.7740001082420349 0.804689347743988 0.7862727642059326 0.8012118339538574 0.7155500054359436 0.005582572426646948 0.7791090607643127 0.0 0.0 0.7747803926467896 0.8012846112251282 0.7716119885444641 0.7615705728530884 0.7873085141181946 0.017860837280750275 0.0 0.028091516345739365 0.016344938427209854 0.0 0.8191075325012207 0.7966394424438477 0.7501245141029358 0.7764005661010742 0.752297580242157 0.7289815545082092 0.7947731018066406 0.7766131162643433 0.7501552700996399 0.7683403491973877 0.7718551158905029 0.0 0.7771940231323242 0.0 0.0 0.0 0.0 0.0 0.0 0.0 0.0 0.0 0.0 0.0 0.0 0.0 0.0 0.0 0.0 0.0 0.0 0.0 0.0 0.0 0.0 0.0 0.0 0.0 0.0 0.0 0.0 0.0 0.0 0.0 0.0 0.0 0.0 0.0 0.0 1.0 0.0 0.0 0.0 0.0 0.0 0.0 0.0 0.0 0.0
0.0 0.0 0.0 0.0 0.0 0.0 0.0 0.0 0.0 0.0 0.0 0.0 0.0 0.0 0.0 0.0 0.0 0.0 0.0 0.0 0.0 0.0 0.0 0.0 0.0 0.0 0.0 0.0 0.0 0.0 0.0 0.0 0.0 0.0 0.0 0.0 0.0 0.0 0.0 0.0 0.0 0.0 0.0 0.0 0.0 0.0 0.0 0.0 0.0 0.0 0.0 0.0 0.0 0.0 0.0 0.0 0.0 0.0 0.0 0.0 0.0 0.0 0.0 0.0 0.0 0.0 0.0 0.0 0.0 0.0 0.0 0.0 0.0 0.0 0.0 0.0 0.0 0.0 0.0 0.0 0.0 0.0 0.0 0.0 0.0 0.0 0.0 0.0 0.0 0.0 0.0 0.0 0.0 0.0 0.0 0.0 0.0 0.0 0.0 0.0 0.0 1.0 0.0 0.0 1.0 0.0 3.0 0.0 0.0 0.0
0.00849590077996254 0.0 0.7390142679214478 0.0 0.0 0.7298817038536072 0.0 0.02842247113585472 0.7381060719490051 0.0 0.7284968495368958 0.7374206781387329 0.0 0.7297121286392212 0.7328774333000183 0.7441499829292297 0.05570601671934128 0.0 0.013797478750348091 0.7385995984077454 0.7470570802688599 0.007853882387280464 0.0 0.744898796081543 0.0 0.7419025897979736 0.018572010099887848 0.0 0.6740433573722839 0.008481357246637344 0.7342913746833801 0.740593433380127 0.0 0.01685367338359356 0.7463085651397705 0.0 0.027080409228801727 0.7412828803062439 0.7305130958557129 0.04155776649713516 0.756274402141571 0.7277336120605469 0.7582018375396729 0.734014630317688 0.0 0.7296099066734314 0.7406340837478638 0.013561131432652473 0.7391015291213989 0.04880787059664726 0.7252715229988098 0.0 0.0 0.010940293781459332 0.7609378099441528 0.7327954769134521 0.7396951913833618 0.0 0.02069338597357273 0.0 0.016509223729372025 0.7450670599937439 0.7540906667709351 0.7294312715530396 0.0 0.0 0.0 0.0 0.0 0.0 0.0 0.0 0.0 0.0 0.0 0.0 0.0 0.0 0.0 0.0 0.0 0.0 0.0 0.0 0.0 0.0 0.0 0.0 0.0 0.0 0.0 0.0 0.0 0.0 0.0 0.0 0.0 0.0 0.0 0.0 0.0 1.0 0.0 0.0 0.0 0.0 1.0 0.0 0.0 0.0
0.7553763389587402 0.7905113697052002 0.7955772876739502 0.761723518371582 0.7413355112075806 0.8180765509605408 0.7738377451896667 0.0 0.7585597634315491 0.7787520289421082 0.787481963634491 0.7890099883079529 0.7804661989212036 0.7832786440849304 0.7487544417381287 0.7823890447616577 0.7378349304199219 0.7601830363273621 0.0 0.7768869400024414 0.0 0.8032762408256531 0.7649579644203186 0.7615154385566711 0.7528061270713806 0.7697278261184692 0.0 0.752939760684967 0.7826926708221436 0.0 0.7806457281112671 0.8018236756324768 0.0 0.7867932319641113 0.7655110359191895 0.7560975551605225 0.8206433057785034 0.7634115815162659 0.774337112903595 0.7285372614860535 0.25841158628463745 0.8002212047576904 0.0 0.03678901493549347 0.0 0.07138365507125854 0.7492325901985168 0.7795507311820984 0.7973165512084961 0.7506074905395508 0.7454717755317688 0.8021633625030518 0.7783830165863037 0.0 0.7703151702880859 0.7676010131835938 0.7921645045280457 0.0 0.7011910676956177 0.7666886448860168 0.7759496569633484 0.7741897702217102 0.7578250765800476 0.7871724963188171 0.0 0.0 0.0 0.0 0.0 0.0 0.0 0.0 0.0 0.0 0.0 0.0 0.0 0.0 0.0 0.0 0.0 0.0 0.0 0.0 0.0 0.0 0.0 0.0 0.0 0.0 0.0 0.0 0.0 0.0 0.0 0.0 0.0 0.0 0.0 0.0 1.0 0.0 0.0 0.0 0.0 0.0 0.0 0.0 0.0 0.0
0.7594514489173889 0.7891327142715454 0.7892382740974426 0.7722083926200867 0.7406638860702515 0.8170424103736877 0.7732410430908203 0.0 0.7606924176216125 0.776299774646759 0.787457287311554 0.7819971442222595 0.7767183780670166 0.7841291427612305 0.7396656274795532 0.7743628025054932 0.7463510036468506 0.7668456435203552 0.0 0.7807130217552185 0.0 0.8075273036956787 0.7646500468254089 0.7491263151168823 0.753362238407135 0.7714411616325378 2.748965926002711E-4 0.7626079320907593 0.7881661653518677 1.2594459985848516E-4 0.7764770984649658 0.8037181496620178 0.0 0.7856203317642212 0.7633398771286011 0.7633439302444458 0.8201851844787598 0.7656546235084534 0.7655726075172424 0.7351115942001343 0.25872355699539185 0.7942427396774292 0.0 0.03637567162513733 2.127885672962293E-4 0.07497958093881607 0.7469821572303772 0.7818293571472168 0.800433874130249 0.7566074728965759 0.7421320676803589 0.8031089305877686 0.772517204284668 0.0 0.7700023055076599 0.7716887593269348 0.7867172956466675 0.0 0.6954708695411682 0.7654635906219482 0.7731013894081116 0.7730386853218079 0.7664834856987 0.7847926616668701 0.0 0.0 0.0 0.0 0.0 0.0 0.0 0.0 0.0 0.0 0.0 0.0 0.0 0.0 0.0 0.0 0.0 0.0 0.0 0.0 0.0 0.0 0.0 0.0 0.0 0.0 0.0 0.0 0.0 0.0 0.0 0.0 0.0 0.0 0.0 0.0 1.0 0.0 0.0 0.0 0.0 0.0 1.0 0.0 0.0 0.0
0.7532432675361633 0.7878050208091736 0.7875550389289856 0.7636520266532898 0.7530718445777893 0.8218753933906555 0.7753803133964539 2.0438431238289922E-4 0.7517194151878357 0.7762261629104614 0.797063410282135 0.7800931334495544 0.7788670659065247 0.7840154767036438 0.7511788606643677 0.7736769318580627 0.7373431324958801 0.7713931798934937 0.0 0.7858200669288635 0.0 0.7979820966720581 0.7658369541168213 0.7496747374534607 0.7511460781097412 0.775566041469574 0.0 0.7587970495223999 0.7815184593200684 2.980232056870591E-5 0.7740046977996826 0.8076984882354736 0.0 0.7800713181495667 0.7647942900657654 0.7678651809692383 0.8241134881973267 0.7646902799606323 0.7677763104438782 0.7399247288703918 0.24743862450122833 0.7954557538032532 0.0 0.03762952610850334 7.80820755608147E-6 0.0701235979795456 0.7472010254859924 0.7765413522720337 0.7997862696647644 0.7542126774787903 0.7440923452377319 0.8065745234489441 0.7709391117095947 0.0 0.7629443407058716 0.7753685712814331 0.7862221598625183 0.0 0.6966040730476379 0.7645473480224609 0.7840081453323364 0.7726196646690369 0.7682911157608032 0.7800463438034058 0.0 0.0 0.0 0.0 0.0 0.0 0.0 0.0 0.0 0.0 0.0 0.0 0.0 0.0 0.0 0.0 0.0 0.0 0.0 0.0 0.0 0.0 0.0 0.0 0.0 0.0 0.0 0.0 0.0 0.0 0.0 0.0 0.0 0.0 0.0 0.0 0.0 1.0 0.0 0.0 0.0 0.0 3.0 0.0 0.0 0.0
0.7555718421936035 0.7884289026260376 0.7942097783088684 0.7749137282371521 0.7405760884284973 0.8180765509605408 0.7730562686920166 0.0 0.7636062502861023 0.7750790119171143 0.7877686619758606 0.7796860337257385 0.7738675475120544 0.793676495552063 0.7485032081604004 0.7766253352165222 0.7359364032745361 0.7663413286209106 0.0 0.7847331762313843 0.0 0.8057006597518921 0.762586772441864 0.7527057528495789 0.7640100717544556 0.7746701240539551 0.0 0.7555195093154907 0.7913807034492493 0.0 0.771112322807312 0.8015846610069275 0.0 0.7796890735626221 0.7674818634986877 0.7545637488365173 0.8223949670791626 0.7722206711769104 0.7737734913825989 0.7286167144775391 0.25407519936561584 0.7990162968635559 0.0 0.031442467123270035 0.0 0.07283627986907959 0.749571681022644 0.7832092046737671 0.8008530139923096 0.7551276087760925 0.7421714663505554 0.801052451133728 0.7697569727897644 0.0 0.7702949643135071 0.7787246704101562 0.7907750606536865 0.0 0.6956462264060974 0.7714868783950806 0.7790656685829163 0.7781317830085754 0.7613050937652588 0.7799084782600403 0.0 0.0 0.0 0.0 0.0 0.0 0.0 0.0 0.0 0.0 0.0 0.0 0.0 0.0 0.0 0.0 0.0 0.0 0.0 0.0 0.0 0.0 0.0 0.0 0.0 0.0 0.0 0.0 0.0 0.0 0.0 0.0 0.0 0.0 0.0 0.0 0.0 1.0 0.0 0.0 1.0 0.0 3.0 0.0 0.0 0.0
0.0 0.0 0.0 0.0 0.0 0.0 0.0 0.0 0.0 0.0 0.0 0.0 0.0 0.0 0.0 0.0 0.0 0.0 0.0 0.0 0.0 0.0 0.0 0.0 0.0 0.0 0.0 0.0 0.0 0.0 0.0 0.0 0.0 0.0 0.0 0.0 0.0 0.0 0.0 0.0 0.0 0.0 0.0 0.0 0.0 0.0 0.0 0.0 0.0 0.0 0.0 0.0 0.0 0.0 0.0 0.0 0.0 0.0 0.0 0.0 0.0 0.0 0.0 0.0 0.0 0.0 0.0 0.0 0.0 0.0 0.0 0.0 0.0 0.0 0.0 0.0 0.0 0.0 0.0 0.0 0.0 0.0 0.0 0.0 0.0 0.0 0.0 0.0 0.0 0.0 0.0 0.0 0.0 0.0 0.0 0.0 1.0 0.0 0.0 0.0 0.0 0.0 0.0 0.0 0.0 0.0 0.0 0.0 0.0 0.0
0.0 0.0 0.0 0.0 0.0 0.0 0.0 0.0 0.0 0.0 0.0 0.0 0.0 0.0 0.0 0.0 0.0 0.0 0.0 0.0 0.0 0.0 0.0 0.0 0.0 0.0 0.0 0.0 0.0 0.0 0.0 0.0 0.0 0.0 0.0 0.0 0.0 0.0 0.0 0.0 0.0 0.0 0.0 0.0 0.0 0.0 0.0 0.0 0.0 0.0 0.0 0.0 0.0 0.0 0.0 0.0 0.0 0.0 0.0 0.0 0.0 0.0 0.0 0.0 0.0 0.0 0.0 0.0 0.0 0.0 0.0 0.0 0.0 0.0 0.0 0.0 0.0 0.0 0.0 0.0 0.0 0.0 0.0 0.0 0.0 0.0 0.0 0.0 0.0 0.0 0.0 0.0 0.0 0.0 0.0 0.0 1.0 0.0 0.0 0.0 0.0 0.0 0.0 0.0 0.0 0.0 0.0 0.0 0.0 0.0
0.00849590077996254 0.0 0.7390142679214478 0.0 0.0 0.7298817038536072 0.0 0.02842247113585472 0.7381060719490051 0.0 0.7284968495368958 0.7374206781387329 0.0 0.7297121286392212 0.7328774333000183 0.7441499829292297 0.05570601671934128 0.0 0.013797478750348091 0.7385995984077454 0.7470570802688599 0.007853882387280464 0.0 0.744898796081543 0.0 0.7419025897979736 0.018572010099887848 0.0 0.6740433573722839 0.008481357246637344 0.7342913746833801 0.740593433380127 0.0 0.01685367338359356 0.7463085651397705 0.0 0.027080409228801727 0.7412828803062439 0.7305130958557129 0.04155776649713516 0.756274402141571 0.7277336120605469 0.7582018375396729 0.734014630317688 0.0 0.7296099066734314 0.7406340837478638 0.013561131432652473 0.7391015291213989 0.04880787059664726 0.7252715229988098 0.0 0.0 0.010940293781459332 0.7609378099441528 0.7327954769134521 0.7396951913833618 0.0 0.02069338597357273 0.0 0.016509223729372025 0.7450670599937439 0.7540906667709351 0.7294312715530396 0.0 0.0 0.0 0.0 0.0 0.0 0.0 0.0 0.0 0.0 0.0 0.0 0.0 0.0 0.0 0.0 0.0 0.0 0.0 0.0 0.0 0.0 0.0 0.0 0.0 0.0 0.0 0.0 0.0 0.0 0.0 0.0 0.0 0.0 0.0 0.0 0.0 1.0 0.0 0.0 0.0 0.0 1.0 0.0 0.0 0.0
0.0 0.0 0.0 0.0 0.0 0.0 0.0 0.0 0.0 0.0 0.0 0.0 0.0 0.0 0.0 0.0 0.0 0.0 0.0 0.0 0.0 0.0 0.0 0.0 0.0 0.0 0.0 0.0 0.0 0.0 0.0 0.0 0.0 0.0 0.0 0.0 0.0 0.0 0.0 0.0 0.0 0.0 0.0 0.0 0.0 0.0 0.0 0.0 0.0 0.0 0.0 0.0 0.0 0.0 0.0 0.0 0.0 0.0 0.0 0.0 0.0 0.0 0.0 0.0 0.0 0.0 0.0 0.0 0.0 0.0 0.0 0.0 0.0 0.0 0.0 0.0 0.0 0.0 0.0 0.0 0.0 0.0 0.0 0.0 0.0 1.0 0.0 0.0 0.0 0.0 0.0 0.0 0.0 0.0 0.0 0.0 0.0 0.0 0.0 0.0 0.0 0.0 0.0 0.0 0.0 0.0 0.0 0.0 0.0 0.0
0.0 0.0 0.0 0.0 0.0 0.0 0.0 0.0 0.0 0.0 0.0 0.0 0.0 0.0 0.0 0.0 0.0 0.0 0.0 0.0 0.0 0.0 0.0 0.0 0.0 0.0 0.0 0.0 0.0 0.0 0.0 0.0 0.0 0.0 0.0 0.0 0.0 0.0 0.0 0.0 0.0 0.0 0.0 0.0 0.0 0.0 0.0 0.0 0.0 0.0 0.0 0.0 0.0 0.0 0.0 0.0 0.0 0.0 0.0 0.0 0.0 0.0 0.0 0.0 0.0 0.0 0.0 0.0 0.0 0.0 0.0 0.0 0.0 0.0 0.0 0.0 1.0 0.0 0.0 0.0 0.0 0.0 0.0 0.0 0.0 0.0 0.0 0.0 0.0 0.0 0.0 0.0 0.0 0.0 0.0 0.0 0.0 0.0 0.0 0.0 0.0 0.0 0.0 0.0 0.0 0.0 0.0 0.0 1.0 1.0 21.0
0.0 0.0 0.0 0.0 0.0 0.0 0.0 0.0 0.0 0.0 0.0 0.0 0.0 0.0 0.0 0.0 0.0 0.0 0.0 0.0 0.0 0.0 0.0 0.0 0.0 0.0 0.0 0.0 0.0 0.0 0.0 0.0 0.0 0.0 0.0 0.0 0.0 0.0 0.0 0.0 0.0 0.0 0.0 0.0 0.0 0.0 0.0 0.0 0.0 0.0 0.0 0.0 0.0 0.0 0.0 0.0 0.0 0.0 0.0 0.0 0.0 0.0 0.0 0.0 0.0 0.0 0.0 0.0 0.0 0.0 0.0 0.0 0.0 0.0 0.0 0.0 0.0 0.0 0.0 0.0 0.0 0.0 0.0 0.0 0.0 0.0 0.0 0.0 0.0 0.0 0.0 0.0 0.0 0.0 0.0 0.0 0.0 0.0 0.0 0.0 0.0 1.0 0.0 0.0 1.0 0.0 3.0 0.0 0.0 0.0
0.0 0.0 0.0 0.0 0.0 0.0 0.0 0.0 0.0 0.0 0.0 0.0 0.0 0.0 0.0 0.0 0.0 0.0 0.0 0.0 0.0 0.0 0.0 0.0 0.0 0.0 0.0 0.0 0.0 0.0 0.0 0.0 0.0 0.0 0.0 0.0 0.0 0.0 0.0 0.0 0.0 0.0 0.0 0.0 0.0 0.0 0.0 0.0 0.0 0.0 0.0 0.0 0.0 0.0 0.0 0.0 0.0 0.0 0.0 0.0 0.0 0.0 0.0 0.0 0.0 0.0 0.0 0.0 0.0 0.0 0.0 0.0 0.0 0.0 0.0 0.0 0.0 0.0 0.0 0.0 0.0 0.0 0.0 1.0 0.0 0.0 0.0 0.0 0.0 0.0 0.0 0.0 0.0 0.0 0.0 0.0 0.0 0.0 0.0 0.0 0.0 0.0 0.0 0.0 0.0 0.0 0.0 0.0 0.0 0.0

